63115169.9041
78844286.84
89937737.7523
98686975.5988
108829962.514
119777111.405
126412982.086
141643531.44
148472539.172
159929041.907
159485538.84
83477890.0702
81199289.8265
79595530.1488
78437510.199
77575078.882
76612556.5459
75923923.4276
75409962.5727
66159193.4
87016796.9
100508290.2
114228858.3
127609889.7
140629669.3
156086539.4
166604095.4
181309681.3
194374964.9
200202794.3
117234335
112661992.2
109548137.4
107339860.3
105720683
103997953
102734004.4
101804848.3
101080551.9
100489569.7
99990207.58
99556718.39
99334886.49
99259386.26
99020458.33
98815412.86
61101105.88
2972745.468
61101105.88
0
6051698.051
61101105.88
0
0
61101105.88
108240183.7
94045213.62
