69.6928024292
119.972915649
169.996078491
220.028503418
270.070129395
319.594238281
370.635955811
419.631866455
469.822845459
519.778442383
539.934692383
539.571289062
539.547912598
539.528808594
539.51965332
539.516601562
539.723205566
539.721862793
539.714538574
539.71105957
539.708557129
539.70715332
539.706359863
539.43560791
539.636047363
539.63293457
539.635864258
538.385742188
535.208374023
533.987915039
530.741088867
527.726318359
526.572143555
523.390380859
520.233032227
518.064819336
520.012329102
520.04699707