69.2418899536
119.046958923
168.627822876
218.253234863
267.904266357
317.076538086
367.764709473
416.44152832
466.321014404
515.983520508
536.019714355
535.852966309
535.949584961
536.013000488
536.06628418
536.114196777
536.389099121
536.448791504
536.497619629
536.546508789
536.593322754
536.638244629
536.680847168
536.418579102
536.641906738
536.662475586
536.688232422
535.442749023
532.280639648
531.07244873
527.850463867
524.853027344
523.707580566
520.547302246
517.415222168
515.266723633
517.201416016
517.234375
