5.717591027919612825e+05 8.350308694458312767e-03 1.000000000000000000e+00 5.208101522842647455e+02 5.200000000000000000e+02 1.639344018170814728e+06 9.422549841207009547e-04 0.000000000000000000e+00 1.022363379803284289e+00 0.000000000000000000e+00
1.541879131543654203e+07 1.466118990632714857e-02 1.000000000000000000e+00 5.213772486772488719e+02 5.200000000000000000e+02 1.549723251628301851e+07 3.023056711686241717e-03 0.000000000000000000e+00 9.060413614960645123e-01 0.000000000000000000e+00
2.899427394850299507e+07 2.473271080188898727e-02 1.000000000000000000e+00 5.216497267759561964e+02 5.200000000000000000e+02 1.126340440820712224e+07 2.943911610040307776e-03 0.000000000000000000e+00 8.809380443123928650e-01 0.000000000000000000e+00
3.642838605887399614e+07 3.506151654708246357e-02 1.000000000000000000e+00 5.219796296296298124e+02 5.200000000000000000e+02 7.738854618153094780e+05 2.872185770739662386e-03 0.000000000000000000e+00 7.789783502981283414e-01 0.000000000000000000e+00
3.703520891878387332e+07 4.498808875542082558e-02 1.000000000000000000e+00 5.222347560975611032e+02 5.200000000000000000e+02 6.629062114341177512e+05 2.869477958948799326e-03 0.000000000000000000e+00 7.362226028854368387e-01 0.000000000000000000e+00
3.749452412582254410e+07 5.507811112548884058e-02 1.000000000000000000e+00 5.223388235294119113e+02 5.200000000000000000e+02 6.015576344672539271e+05 2.934251120399337769e-03 0.000000000000000000e+00 6.048031507945893503e-01 0.000000000000000000e+00
3.801007663933829218e+07 6.508056701026040947e-02 1.000000000000000000e+00 5.222078313253014130e+02 5.200000000000000000e+02 5.693183780517226551e+05 2.853027286421787930e-03 0.000000000000000000e+00 4.061264216275914940e-01 0.000000000000000000e+00
3.850353752892676741e+07 7.496243622722377487e-02 1.000000000000000000e+00 5.217142857142860066e+02 5.200000000000000000e+02 6.008924519584086956e+05 2.864479748727465948e-03 0.000000000000000000e+00 2.561820674845917134e-01 0.000000000000000000e+00
3.902766062486845255e+07 8.496503943015203120e-02 1.000000000000000000e+00 5.208094117647057146e+02 5.200000000000000000e+02 6.751298833372840891e+05 2.891028137525315702e-03 0.000000000000000000e+00 3.938119973710295652e-01 0.000000000000000000e+00
3.957080887000183016e+07 9.496913122461464463e-02 1.000000000000000000e+00 5.195982248520713256e+02 5.200000000000000000e+02 7.245347647393301595e+05 2.863204941176819042e-03 0.000000000000000000e+00 6.476606398964870337e-01 0.000000000000000000e+00
4.008458093705669791e+07 1.049453027804516936e-01 1.000000000000000000e+00 5.180905325443786751e+02 5.200000000000000000e+02 7.736305859220070997e+05 2.884473712359642006e-03 0.000000000000000000e+00 8.928541167474792761e-01 0.000000000000000000e+00
4.058899089479019493e+07 1.149925561351203829e-01 1.000000000000000000e+00 5.163029239766079854e+02 5.200000000000000000e+02 7.617237670136265224e+05 2.931087394900013486e-03 0.000000000000000000e+00 1.187036552868599548e+00 0.000000000000000000e+00
4.111092403711169213e+07 1.250650464270187945e-01 1.000000000000000000e+00 5.144100591715978226e+02 5.200000000000000000e+02 8.270622588187308284e+05 2.893518672914774121e-03 0.000000000000000000e+00 1.385881684645554612e+00 0.000000000000000000e+00
4.161451027778573334e+07 1.350536696026453654e-01 1.000000000000000000e+00 5.123779761904761472e+02 5.200000000000000000e+02 8.780607979480177164e+05 2.869954738941079414e-03 0.000000000000000000e+00 1.538762087308459092e+00 0.000000000000000000e+00
4.207989689098264277e+07 1.449689808421076864e-01 1.000000000000000000e+00 5.103520958083831829e+02 5.200000000000000000e+02 9.149287071152896388e+05 2.872475087411789380e-03 0.000000000000000000e+00 1.704655068041744936e+00 0.000000000000000000e+00
4.250035166377706826e+07 1.549531100286347385e-01 1.000000000000000000e+00 5.083023809523808154e+02 5.200000000000000000e+02 9.084916054785556626e+05 2.896556713887367841e-03 0.000000000000000000e+00 1.853341653189368943e+00 0.000000000000000000e+00
4.296522285226199031e+07 1.650148015281007463e-01 1.000000000000000000e+00 5.062304093567252039e+02 5.200000000000000000e+02 9.406934980902248062e+05 2.930714273324554024e-03 0.000000000000000000e+00 1.968497321250931575e+00 0.000000000000000000e+00
4.333174578569022566e+07 1.750635074101162536e-01 1.000000000000000000e+00 5.042473053892216512e+02 5.200000000000000000e+02 9.606275406167346518e+05 2.877391387198639013e-03 0.000000000000000000e+00 2.098525697803629075e+00 0.000000000000000000e+00
4.370672569995047897e+07 1.850408156259184533e-01 1.000000000000000000e+00 5.022660714285711379e+02 5.200000000000000000e+02 9.748623415082768770e+05 2.880156854511661119e-03 0.000000000000000000e+00 2.132733277508747083e+00 0.000000000000000000e+00
4.400187440300928801e+07 1.949642383509507249e-01 1.000000000000000000e+00 5.005228915662650593e+02 5.200000000000000000e+02 9.685464539213080425e+05 2.868520064019074601e-03 0.000000000000000000e+00 2.185539844049718905e+00 0.000000000000000000e+00
4.423800173317585140e+07 2.049729212895965713e-01 1.000000000000000000e+00 4.987982248520708595e+02 5.200000000000000000e+02 9.559579914397047833e+05 2.891124638266382146e-03 0.000000000000000000e+00 2.177982166204638581e+00 0.000000000000000000e+00
4.447384175209643692e+07 2.149352274217386505e-01 1.000000000000000000e+00 4.972843373493977310e+02 5.200000000000000000e+02 9.357008153850686504e+05 2.862380909539667846e-03 0.000000000000000000e+00 2.163886615279495551e+00 0.000000000000000000e+00
4.460346899770516902e+07 2.249334002858792425e-01 1.000000000000000000e+00 4.959591715976329738e+02 5.200000000000000000e+02 9.180288376076801214e+05 2.909305808205697730e-03 0.000000000000000000e+00 2.111518542744314164e+00 0.000000000000000000e+00
4.468338120517706126e+07 2.349900344624568371e-01 1.000000000000000000e+00 4.948257485029940881e+02 5.200000000000000000e+02 8.862428836239703232e+05 2.892748839186359833e-03 0.000000000000000000e+00 2.040047083871821432e+00 0.000000000000000000e+00
4.469869257705663145e+07 2.449586871539072841e-01 1.000000000000000000e+00 4.939730538922153187e+02 5.200000000000000000e+02 8.347444474806623766e+05 2.879509935678881746e-03 0.000000000000000000e+00 1.965859417301407897e+00 0.000000000000000000e+00
4.465544392337155342e+07 2.549342845267023594e-01 1.000000000000000000e+00 4.933335329341317106e+02 5.200000000000000000e+02 7.888281380573721835e+05 2.889431067485077453e-03 0.000000000000000000e+00 1.800652269656950244e+00 0.000000000000000000e+00
4.454407575788057595e+07 2.649529956364634620e-01 1.000000000000000000e+00 4.929446428571426395e+02 5.200000000000000000e+02 7.489039071942372248e+05 2.899540471978571173e-03 0.000000000000000000e+00 1.663070844658687486e+00 0.000000000000000000e+00
4.437613242737573385e+07 2.750106409093459048e-01 1.000000000000000000e+00 4.928363095238096321e+02 5.200000000000000000e+02 6.928764729363978840e+05 2.912325635359679261e-03 0.000000000000000000e+00 1.453297793166831164e+00 0.000000000000000000e+00
4.411154111749710143e+07 2.850351084729645934e-01 1.000000000000000000e+00 4.929626506024098376e+02 5.200000000000000000e+02 6.382788363053471548e+05 2.876529711572532733e-03 0.000000000000000000e+00 1.208375474577287001e+00 0.000000000000000000e+00
4.382891921422248334e+07 2.949553531199410883e-01 1.000000000000000000e+00 4.934036363636365650e+02 5.200000000000000000e+02 5.698279155522530200e+05 2.862087751375781610e-03 0.000000000000000000e+00 9.645781561303096163e-01 0.000000000000000000e+00
4.347498120287447423e+07 3.049624980369287086e-01 1.000000000000000000e+00 4.940267857142855519e+02 5.200000000000000000e+02 5.318101715591039974e+05 2.922578450491063184e-03 0.000000000000000000e+00 6.793268038746800297e-01 0.000000000000000000e+00
4.308118697626898438e+07 3.150521429563751807e-01 1.000000000000000000e+00 4.948820359281434662e+02 5.200000000000000000e+02 4.685874941271215212e+05 2.900797365445767495e-03 0.000000000000000000e+00 4.674181076209197871e-01 0.000000000000000000e+00
4.266691403009465337e+07 3.249895820665335555e-01 1.000000000000000000e+00 4.958689024390245663e+02 5.200000000000000000e+02 4.184508950618543895e+05 2.844934515979523782e-03 0.000000000000000000e+00 3.862846988047020647e-01 0.000000000000000000e+00
4.223216821388746053e+07 3.349971431719390158e-01 1.000000000000000000e+00 4.969118343195265766e+02 5.200000000000000000e+02 3.915358447448576917e+05 2.927508587854362517e-03 0.000000000000000000e+00 8.188472607607033549e-01 0.000000000000000000e+00
4.176817230532848835e+07 3.450414105631003370e-01 1.000000000000000000e+00 4.981554878048778505e+02 5.200000000000000000e+02 3.664090195501911221e+05 2.850016890491608758e-03 0.000000000000000000e+00 1.307588221562255848e+00 0.000000000000000000e+00
4.129722117856846005e+07 3.550449380332155735e-01 1.000000000000000000e+00 4.998095808383231429e+02 5.200000000000000000e+02 3.554912770606720005e+05 2.913407212536316907e-03 0.000000000000000000e+00 1.503617734455588106e+00 0.000000000000000000e+00
4.084545906879542768e+07 3.650089548702913911e-01 1.000000000000000000e+00 5.017927272727271770e+02 5.200000000000000000e+02 3.605727865432274994e+05 2.889947758063781368e-03 0.000000000000000000e+00 1.486242511977002634e+00 0.000000000000000000e+00
4.036966211541724205e+07 3.749700321028047179e-01 1.000000000000000000e+00 5.038024242424243653e+02 5.200000000000000000e+02 3.666262060678725829e+05 2.880587365722919388e-03 0.000000000000000000e+00 1.467917573243316065e+00 0.000000000000000000e+00
3.990960427102953196e+07 3.849918120183831727e-01 1.000000000000000000e+00 5.058481927710842001e+02 5.200000000000000000e+02 3.742416487802098854e+05 2.883256866536970924e-03 0.000000000000000000e+00 1.382581960862343307e+00 0.000000000000000000e+00
3.946438321770065278e+07 3.950148051948547123e-01 1.000000000000000000e+00 5.079234939759037957e+02 5.200000000000000000e+02 3.956198956827653456e+05 2.896631668055593689e-03 0.000000000000000000e+00 1.240283618686864653e+00 0.000000000000000000e+00
3.906876533537069708e+07 4.049983952918971841e-01 1.000000000000000000e+00 5.100127272727272043e+02 5.200000000000000000e+02 4.067171666674667504e+05 2.858476603417118775e-03 0.000000000000000000e+00 1.078448022735010392e+00 0.000000000000000000e+00
3.868032562029687315e+07 4.150053382664983248e-01 1.000000000000000000e+00 5.120233532934131517e+02 5.200000000000000000e+02 4.416980738757877261e+05 2.894040723603194792e-03 0.000000000000000000e+00 9.734773836618522136e-01 0.000000000000000000e+00
3.833087239488941431e+07 4.249906419459027473e-01 1.000000000000000000e+00 5.139049079754596505e+02 5.200000000000000000e+02 4.671777990482073510e+05 2.833463323825826871e-03 0.000000000000000000e+00 8.094384693744590686e-01 0.000000000000000000e+00
3.801426633864019811e+07 4.349422107538498672e-01 1.000000000000000000e+00 5.156934131736524023e+02 5.200000000000000000e+02 4.916906970349919866e+05 2.897567643340672166e-03 0.000000000000000000e+00 6.525984656978958132e-01 0.000000000000000000e+00
3.771924787994074821e+07 4.449940639047890167e-01 1.000000000000000000e+00 5.173144578313255124e+02 5.200000000000000000e+02 5.076295340767442831e+05 2.871961423249503719e-03 0.000000000000000000e+00 5.263267870591590292e-01 0.000000000000000000e+00
3.750104329189955443e+07 4.550307396158497220e-01 1.000000000000000000e+00 5.188029940119761250e+02 5.200000000000000000e+02 5.362994438359173946e+05 2.902376558440703316e-03 0.000000000000000000e+00 4.331233384515851825e-01 0.000000000000000000e+00
3.726737209129386395e+07 4.650580341375075699e-01 1.000000000000000000e+00 5.200618181818183530e+02 5.200000000000000000e+02 5.657087478593771812e+05 2.854631035752469397e-03 0.000000000000000000e+00 4.336557393549410611e-01 0.000000000000000000e+00
3.708509625872214884e+07 4.750870702956468405e-01 1.000000000000000000e+00 5.211562874251496851e+02 5.200000000000000000e+02 5.706477110266995151e+05 2.903896055151209549e-03 0.000000000000000000e+00 5.514862781534817238e-01 0.000000000000000000e+00
3.688900390877372772e+07 4.850966259012676751e-01 1.000000000000000000e+00 5.220920731707321920e+02 5.200000000000000000e+02 5.870833353598016547e+05 2.870605106611067228e-03 0.000000000000000000e+00 5.846600801150956261e-01 0.000000000000000000e+00
3.677900493003652245e+07 4.949872470272921321e-01 1.000000000000000000e+00 5.229175757575760599e+02 5.200000000000000000e+02 6.055161558355750749e+05 2.881638153551150262e-03 0.000000000000000000e+00 6.727556641565545226e-01 0.000000000000000000e+00
3.663875022733217478e+07 5.050313653471391051e-01 1.000000000000000000e+00 5.235958083832335888e+02 5.200000000000000000e+02 6.038336678015389480e+05 2.921266293974194867e-03 0.000000000000000000e+00 7.833868809210278172e-01 0.000000000000000000e+00
3.654504388217762858e+07 5.150469431395406916e-01 1.000000000000000000e+00 5.240896341463414956e+02 5.200000000000000000e+02 5.960502712809174554e+05 2.865668596703139191e-03 0.000000000000000000e+00 8.619758147276980198e-01 0.000000000000000000e+00
3.646108828950415552e+07 5.249420346914219770e-01 1.000000000000000000e+00 5.244774390243904918e+02 5.200000000000000000e+02 6.103281737977961311e+05 2.859190381986721936e-03 0.000000000000000000e+00 9.220421541810553956e-01 0.000000000000000000e+00
3.642017250397229195e+07 5.349354855056052127e-01 1.000000000000000000e+00 5.247190476190475010e+02 5.200000000000000000e+02 6.147772049227695679e+05 2.891376117588229707e-03 0.000000000000000000e+00 1.022016702695982326e+00 0.000000000000000000e+00
3.637546128112025559e+07 5.449384869805646847e-01 1.000000000000000000e+00 5.248268292682929541e+02 5.200000000000000000e+02 6.396549209986126516e+05 2.892507452103108313e-03 0.000000000000000000e+00 1.057672177125462909e+00 0.000000000000000000e+00
3.634199118346158415e+07 5.549125220320133556e-01 1.000000000000000000e+00 5.248400000000000318e+02 5.200000000000000000e+02 6.368544046242326731e+05 2.871191207675233281e-03 0.000000000000000000e+00 1.132698574469859887e+00 0.000000000000000000e+00
3.631333461540035903e+07 5.649393804210859349e-01 1.000000000000000000e+00 5.246832335329340822e+02 5.200000000000000000e+02 6.445291238037995063e+05 2.908682450397240445e-03 0.000000000000000000e+00 1.225412197281709359e+00 0.000000000000000000e+00
3.634585146385268122e+07 5.749958223945939029e-01 1.000000000000000000e+00 5.244850299401197162e+02 5.200000000000000000e+02 6.446172240513220895e+05 2.896990942898618453e-03 0.000000000000000000e+00 1.287509257801247475e+00 0.000000000000000000e+00
3.633626949068582803e+07 5.850113161193331024e-01 1.000000000000000000e+00 5.241779141104292421e+02 5.200000000000000000e+02 6.568253257137510227e+05 2.862823901979949515e-03 0.000000000000000000e+00 1.309850576401857092e+00 0.000000000000000000e+00
3.636554576275297254e+07 5.949472172706931072e-01 1.000000000000000000e+00 5.237566265060240767e+02 5.200000000000000000e+02 6.561103473008133005e+05 2.885495023441085084e-03 0.000000000000000000e+00 1.351767497214789726e+00 0.000000000000000000e+00
3.639751046399195492e+07 6.050176959594311121e-01 1.000000000000000000e+00 5.233101796407181610e+02 5.200000000000000000e+02 6.523157732902014395e+05 2.903956997481133354e-03 0.000000000000000000e+00 1.322021439422244926e+00 0.000000000000000000e+00
3.644129303244709969e+07 6.149951959365849152e-01 1.000000000000000000e+00 5.228304878048778619e+02 5.200000000000000000e+02 6.456119678174735745e+05 2.878047108136468427e-03 0.000000000000000000e+00 1.306567745752786447e+00 0.000000000000000000e+00
3.647787371799140424e+07 6.250261194753944372e-01 1.000000000000000000e+00 5.222491017964066486e+02 5.200000000000000000e+02 6.385034360709587345e+05 2.901269761050221264e-03 0.000000000000000000e+00 1.285053099556361156e+00 0.000000000000000000e+00
3.652484244791003317e+07 6.350916764179233009e-01 1.000000000000000000e+00 5.216206060606059509e+02 5.200000000000000000e+02 6.318085650619242806e+05 2.870453317223760521e-03 0.000000000000000000e+00 1.237225486893078985e+00 0.000000000000000000e+00
3.657208893414778262e+07 6.449989741769853735e-01 1.000000000000000000e+00 5.210810975609757634e+02 5.200000000000000000e+02 6.358362454963388154e+05 2.871886909610920583e-03 0.000000000000000000e+00 1.173153459383016628e+00 0.000000000000000000e+00
3.662476198768945783e+07 6.550233522605930503e-01 1.000000000000000000e+00 5.205190476190472282e+02 5.200000000000000000e+02 6.235597965873146895e+05 2.917238940313129393e-03 0.000000000000000000e+00 1.072988282729725906e+00 0.000000000000000000e+00
3.666576168115872890e+07 6.649981227495748159e-01 1.000000000000000000e+00 5.199240740740746105e+02 5.200000000000000000e+02 6.198261633646459086e+05 2.823609890153954381e-03 0.000000000000000000e+00 9.930502676195248624e-01 0.000000000000000000e+00
3.669792551656286418e+07 6.749317177749566410e-01 1.000000000000000000e+00 5.193879518072291148e+02 5.200000000000000000e+02 6.093214514496113406e+05 2.929786679952238806e-03 0.000000000000000000e+00 8.913773814898379166e-01 0.000000000000000000e+00
3.674696201452878118e+07 6.850240582361512010e-01 1.000000000000000000e+00 5.188449101796403511e+02 5.200000000000000000e+02 5.997585294223985402e+05 2.912065573895658999e-03 0.000000000000000000e+00 7.450964397359207680e-01 0.000000000000000000e+00
3.679247880772180110e+07 6.950852294338970561e-01 1.000000000000000000e+00 5.182769696969701272e+02 5.200000000000000000e+02 5.895996084922422888e+05 2.849110136553673501e-03 0.000000000000000000e+00 6.284781274296590281e-01 0.000000000000000000e+00
2.453543916494753212e+07 7.060444273248884794e-01 1.000000000000000000e+00 5.178307692307695334e+02 5.200000000000000000e+02 1.727544652686150745e+07 2.812763286418791704e-03 0.000000000000000000e+00 1.497022894259083081e+00 0.000000000000000000e+00
