1.216091339916583896e+07 0.000000000000000000e+00 1.000000000000000056e-01 4.900000000000000000e+02 4.701947764990755729e+00
2.525105509675639868e+07 5.000000000000000278e-02 1.000000000000000056e-01 4.900000000000000000e+02 6.364366630126497171e+00
2.705793412108819187e+07 1.000000000000000056e-01 1.000000000000000056e-01 4.900000000000000000e+02 1.637077013921365509e+00
2.663564456020100415e+07 1.500000000000000222e-01 1.000000000000000056e-01 4.900000000000000000e+02 1.028007832104446351e+00
2.662470182140684128e+07 2.000000000000000111e-01 1.000000000000000056e-01 4.900000000000000000e+02 2.620340202797751816e-01
2.661348740496290475e+07 2.500000000000000000e-01 1.000000000000000056e-01 4.900000000000000000e+02 1.971563280814125074e-01
2.657553450207702070e+07 3.000000000000000444e-01 1.000000000000000056e-01 4.900000000000000000e+02 1.624991466086519176e-01
2.639711423426941782e+07 3.500000000000000333e-01 1.000000000000000056e-01 4.900000000000000000e+02 2.064006685851655365e-01
2.623271840901730955e+07 4.000000000000000222e-01 1.000000000000000056e-01 4.900000000000000000e+02 1.669396804858171990e-01
2.607635783895333484e+07 4.500000000000000111e-01 1.000000000000000056e-01 4.900000000000000000e+02 1.522754330090823616e-01
2.588857562663519010e+07 5.000000000000000000e-01 1.000000000000000056e-01 4.900000000000000000e+02 1.659594072237992324e-01
2.569340431121620163e+07 5.500000000000000444e-01 1.000000000000000056e-01 4.900000000000000000e+02 1.450064845857083617e-01
2.555752701568313688e+07 6.000000000000000888e-01 1.000000000000000056e-01 4.900000000000000000e+02 1.643563797202737264e-01
2.550103888142970204e+07 6.500000000000000222e-01 1.000000000000000056e-01 4.900000000000000000e+02 1.492758982335676832e-01
