4.857687861271677434e+02 0.000000000000000000e+00 1.000000000000000056e-01 4.900000000000000000e+02 4.701947764990755729e+00
4.944523479305115643e+02 5.000000000000000278e-02 1.000000000000000056e-01 4.900000000000000000e+02 6.364366630126497171e+00
4.867064943062478619e+02 1.000000000000000056e-01 1.000000000000000056e-01 4.900000000000000000e+02 1.637077013921365509e+00
4.899321549348318285e+02 1.500000000000000222e-01 1.000000000000000056e-01 4.900000000000000000e+02 1.028007832104446351e+00
4.897061642709177818e+02 2.000000000000000111e-01 1.000000000000000056e-01 4.900000000000000000e+02 2.620340202797751816e-01
4.894406269749490548e+02 2.500000000000000000e-01 1.000000000000000056e-01 4.900000000000000000e+02 1.971563280814125074e-01
4.894743756756664652e+02 3.000000000000000444e-01 1.000000000000000056e-01 4.900000000000000000e+02 1.624991466086519176e-01
4.894813756368130271e+02 3.500000000000000333e-01 1.000000000000000056e-01 4.900000000000000000e+02 2.064006685851655365e-01
4.894354808723145993e+02 4.000000000000000222e-01 1.000000000000000056e-01 4.900000000000000000e+02 1.669396804858171990e-01
4.893332551984436805e+02 4.500000000000000111e-01 1.000000000000000056e-01 4.900000000000000000e+02 1.522754330090823616e-01
4.893560420226416454e+02 5.000000000000000000e-01 1.000000000000000056e-01 4.900000000000000000e+02 1.659594072237992324e-01
4.892894764382050994e+02 5.500000000000000444e-01 1.000000000000000056e-01 4.900000000000000000e+02 1.450064845857083617e-01
4.892747046300793272e+02 6.000000000000000888e-01 1.000000000000000056e-01 4.900000000000000000e+02 1.643563797202737264e-01
4.892238407959688402e+02 6.500000000000000222e-01 1.000000000000000056e-01 4.900000000000000000e+02 1.492758982335676832e-01
